00000000000000000000000000000000000000000000000000000000000000000000000000000000
00000000000000000000000000000000000000000000000000000000000000000000000000000000
00000000000000100000000000011000000000000000000000000000000000000000000000000000
00000000000001010000000000011000000000000000000000000000000000000000000000000000
00000000000001010000000000000000000000000000000000000110000000000000000000000000
00000000000000100000000000000000000000000000000000001001000000000000000000000000
00000000000000000000000000000000000000000000000000001001000000000000000000000000
00000000000000000000000000000000100000000000000000000110000000000000000000000000
00000000000000000000000000000001010000000000000000000000000000000000000000000000
00000000000000000000000000000000101000000000000000000000000000000000000000000000
00000000010110000000000000000000010000000000000000000000000000000000000000000000
00000000011010000000000000000000000000000000000000000000000000000000000000000000
00000000000000000000000000000000000000000000000000000000000000000000000000000000
00000000000000000000000000000000000000000000000000000000000000000000000000000000
00000000000000000000000000000000000000000000000000000000000000000000000000000000
00000000000000000000000000000000000000000000000000000000000000000000000000000000
00000000000000000000000000000000000000000000000000000000000000000000000000000000
00000000000000000000000000000000000000000000000000000000000000000000000000000000
00000000000000000000000000000000000000000000000000000000000000000000000000000000
00000000000000000000000000000000000000000000000000000000000000000000000000000000
00000000000000000000000000000000000000000000000000000000000000000000000000000000
00000000000000000000000000000000000000000000000000000000000000000000000000000000
00000000000000000000000000000000000000000000000000000000000000000000000000000000
00000000000000000000000000000000000000000000000000000000000000000000000000000000
00000000000000000000000000000000000000000000000000000000000000000000000000000000