00000000000000000000000000000000000000000000000000000000000000000000000000000000
00000000000000000000000000000000000000000000000000000000000000000000000000000000
00000000000000000000000000000000000000000000000000000000000000000000000000000000
00000000000000000000000000000000000000000000000000000000000000000000000000000000
00000000000000000000000000000000000000000000000000000000000000000000000000000000
00000000000000000011111000000000000000000000000000000000000000000000000000000000
00000000000000000010000100000001100000000000000000000000000000000000000000000000
00000000000000000010000000000011011100000000000000000000000000000000000000000000
00000000000000000001000000000110111100000000000000000000000000000000000000000000
00000000000000000000011000110110011000000000000000000000000000000000000000000000
00000000000000000000000100001001000000000000000000000000000000000000000000000000
00000000000000000000000010101010000000000000000000000000000000000000000000000000
00000000000000000000000001000000000000000000000000000000000000000000000000000000
00000000000000000000000001000000000000000000000000000000000000000000000000000000
00000000000000000000000010101010000000000000000000000000000000000000000000000000
00000000000000000000000100001001000000000000000000000000000000000000000000000000
00000000000000000000011000110110011000000000000000000000000000000000000000000000
00000000000000000001000000000110111100000000000000000000000000000000000000000000
00000000000000000010000000000011011100000000000000000000000000000000000000000000
00000000000000000010000100000001100000000000000000000000000000000000000000000000
00000000000000000011111000000000000000000000000000000000000000000000000000000000
00000000000000000000000000000000000000000000000000000000000000000000000000000000
00000000000000000000000000000000000000000000000000000000000000000000000000000000
00000000000000000000000000000000000000000000000000000000000000000000000000000000
00000000000000000000000000000000000000000000000000000000000000000000000000000000