0000000000000000000000000000000000000000000000000000000000000000000000000000000
0000000000000000100000000000000000000000000000000000000000000110000000000000000
0000000000000000111110000000000000000000000000111110000000111000000000000100000
0000000000000000100010000000000000000000000000100010000000000000000000000100000
0000011111111111100010000000000000000000000000100010000000000000000000000000000
0000000000000000011110000000000000000000000000111110000000001110000000001100000
0000000000000000000000000000000000000000000000000000000000000011100000001010000
0000000000000000000000000000000000000000000000000000000000000111100000000010000
0000000000000000000000000000000000000000010000000000000000000000000000000011000
0000000000000000000011000000000000011000000000000000000000010000000000000000000
0000000000000000000010100000000000001000111000000000011000110000000000000000000
0000000000000000000001000000000000000000000000000000111101100000000000000000000
0000000000000000000000000000000000000000000000000111110111000000000000000000010
0000000000000000000000000000000000000000000000000000000000011111100000000001110
1111000000000000000000000000000000000000000000000000000000000000000000000010100
0011100000000000000000000000000000000000000000000000000000001111100000000111000
0000111000000000000000000000000000000000000000000000000000000001100000000000000
0001001110000000000000000000000000000000000000000000000000000000000000000111000
0001000011100000000000000000000000000000000000000000000000000000000000000010000
0001000000111000000000000000000000000000001000000000000000000000000000000100010
0001000000001100000000000000000000000000010100000000000000000000000000000110111
0001111111111111000000000000000000000000001000000000000000000000000000000101001
0001000000000001110000000000000000000000000000000000000000000000000000000011000
0001000000000000010000000000000000000000000000000000000000000000000000000001100
