0000000000000000000000000000000000000000000000000000000000000000000000000000000
0000000000000000000000011111111111111111111111111110000000000000000000000000000
0000000000000000000000000000000000000000000000000000000000000000000000000000000
0000000000000000000000000000100000000000000000000000000000000000000000000000000
0000000000000000000000000001010000000000000001000000000000000000000000000000000
0000110000000000000000000000100000000000000010100000000000000000000000000000000
0000101000000000000000000000000000000000000001000000000000000000000000000000000
0000010000000000000000000000000000000000000000000000000000000000000000000000000
0000000000000000000000000000000000000000000000000000000111111011000000000000000
0000000000000000000000000000000000000000000000100000000111111011000000000000000
0000000000000000000000000000000000000000000001010000000000000011000000000000000
0000000000000000000001100000000000000000000000100000000110000011000000000000000
0000000000000000000001001000000000000000000000000000000110000011000000000000000
0000000000000000000000011000000000000000000000000000000110000011000000000000000
0000000000000000000000000000000000000000011000000000000110000000000000000000000
0000000000000000000000000000000000000000010010000000000110111111000000000000000
0000000000000000000000000000000000000000000110000000000110111111000000000000000
0000000000000000000000000000000000000000000000000000000000000000000000000000000
0000000000000000000000000000000000000000000000000000000000000000000000000000000
0000000000000000000000000000000000000000000000000000000000000000000000000000000
0000000000000000000000000000000000000000000000000000000000000000000000000000000
0000000000000000000000000000000000000000000000000000000000000000000000000000000
0000000000000000000000000000000000000000000000000000000000000000000000000000000
0000000000000000000000000000000000000000000000000000000000000000000000000000000
