0000000000000000000000000000000000000000000000000000000000000000000000000000000
0000000000000000000000010000000000000000000000000000000000000000000000000000000
0000000100000000000000101000000000000000000000000000000000000000000000000000000
0000001010000000000000011000000000000000000000000000000000000000000000000000000
0000010010000000000000000110000000000000000000000000000000000000000000000000000
0000101100000000000000000101000000000000000000000000100000000010000000000000000
0001010000000000000000000010000000000000000000000000000000000001000000000000000
0010010000000000000000000000000000000000000000000000000000000001000000000000000
0001100000000000000000000000000000000000000000000000000000000001000000000000000
0000000000000000000011110000000000000000000000001000000000111111000000000000000
0000000000000000000111111000000000000000000000000000000001000000000000000000000
0000000000000000001101111000000000000000000000000000100000000000000000000000000
0000000000000000000110000000000000000000000000000000000000000000000000000000000
0000000000000000000000000000000000000000000000000000000000000000000000000000000
0000000000000000000000000001100000000000000000000000000000000000000000000000000
0000000000000000010000000000001000000000000000000000000000000000000000000000000
0000000000000000100000000000000000000000000000000000001101100000000000000000000
0000000000000000100000000000001000000000000000000000000101000000000000000000000
0000000000000000111111111111110000000000000000000000000101000000000000000000000
0000000000000000000000000000000000000000000000000000001101100000000000000000000
0000000000000000000000000000000010000000000000000000000000000000000000000000000
0000000000000000000000000000000101000000000000000000000000000000000000000000000
1101100000000000000000000000000101000000000000000000000000000000000000000000000
1101100000000000000000000000001101100000000000000000000000000000000000000000000
