0000000000000000000000000000000000000000000000000000000000000000000000000000000
0000000000000000000000000000000000000000000000000000000000000000000000000000000
0000000000000000000000000000000000000000000000000000000000000000000000000000000
0000000110000000000000000000000000000000000000000000000000000000000000000000000
0000000010000000000000000110000000000000000000000000001100000000000000000000000
0000000100000000000000001010000000000000000000000000010010000000000000000000000
0000101000000000000000001000000000000000000000000000010010000000000000000000000
0000110000000000000000101000000000000000000000000000001100000000000000000000000
0000000000000000000000110000000000000000000000000000000000000000000000000000000
0000000000000000000000000000000000000000000000000000000000000000000000000000000
0000000000000000000000000000000000000000000000000000000000000010000000000000000
0000000000000000000000000000000000000000000000000000000000001011000000000000000
0000000000000000000000000000000000000000000000000000000000001010000000000000000
0000000000000000000000000000000000000000000100000000000000101000000000000000000
0000000000000000000000000000000000000000001010000000000010100000000000000000000
1111000000000000000000000000000000000000001010000000000000000000000000000000000
1000100000000010000000000000000000000000000100000000000000000000000000000000000
1000000000001100000000000000000000000000000000000000000000000000000000000000000
0100100110000011100000000000000000000001100000011000000000000000000000000000000
0000001110000001110000000000000000000010010000100100000000000000000000000000000
0100100110000011100000000000000000000001100000011000000000000011000000000000000
1000000000001100000000000000000000000000000010000000000000000011000000000000000
1000100000000010000000000000000000000000000101000000000000000000000000000000000
1111000000000000000000000000000000000000000101000000000000000000000000000000000
