0000000000000000000000000000000000000000000000000000000000000000000000000000000
0000000000000000000000000000000000000000000000000000000000000000000000000000000
0000000000000000000000000000000000000000000000000000000000000000000000000000000
0000000000000000000000000000000000000000000000000000000000000000000000000000000
0000000000000000111111111110000000000000000000000000000000000000000000000000000
0000000000000000000000000000000000000000000000000000000000000000000000000000000
0000000000000000000000000000000000000000000000000000000000000000000000000000000
0000000000000000000000000010000000000000000000000000000000100000000000000000000
0000000000000000000000000010000000011000000000000000000001010000000000000000000
0000000000000000000000000010000000010010000000000000000000100000000000000000000
0000000000000000000000000010000000000110000000000000000000000001100000000000000
0000000000000000000000000010000000000000000000000000000000000010100000000000000
0000000000000000000000000010000000000000000000000000000000000011000000000000000
0000000000000000000000000010000000000000000000000000000000000010010000000000000
0000000000000000000000000000000000000000000000000000000000000001110000000000000
0000000000000000000000000000000000000000000000000000000000000100100000000000000
0000000000100000000000000000000000000000000000000000000000001110000000000000000
0000000001000000000000000000000000000000000000000000000000000000000000000000000
0000000001110000000000000000000000000000000000000000000000001110000000000000000
0000000010000000000000000000000000000000000000000000000000010101000000000000000
0000000101000000000000000000000000000000000000000000000000011011100000000000100
0000001010000000000000000000000000000000000000000000000000010100100000000000111
0000000100000000000000000000000000000000000000000000000000001100000000000001011
0000000000000000000000000000000000000000000000000000000000000110000000000000011
